1556595108204.80054 1556595108204.8005 A: aa
1556595108207.21338 2.4128 B: aa
1556595108479.67456 272.4612 A: aa
1556595108482.38818 2.7136 B: aa
1556595108486.90259 4.5144 B: 36
1556595108754.43848 267.5359 A: 00
1556595108757.13086 2.6924 B: 00
1556595108769.93018 12.7993 A: 24
1556595108772.15894 2.2288 B: 24
1556595108785.37988 13.2209 A: 0d
1556595108787.84595 2.4661 B: 0d
1556595108800.65454 12.8086 A: 00
1556595108802.99487 2.3403 B: 00
1556595108816.13794 13.1431 A: 00
1556595108818.42383 2.2859 B: 00
1556595108831.40356 12.9797 A: 00
1556595108834.33862 2.9351 B: 00
1556595108847.35254 13.0139 A: 04
1556595108850.02905 2.6765 B: 04
1556595108863.28955 13.2605 A: 00
1556595108866.14209 2.8525 B: 00
1556595108870.25391 4.1118 B: 06
1556595109303.59106 433.3372 A: 03
1556595109306.31494 2.7239 B: 03
1556595109319.55518 13.2402 A: 01
1556595109322.28662 2.7314 B: 01
1556595109335.57300 13.2864 A: 0d
1556595109338.27148 2.6985 B: 0d
1556595109351.59937 13.3279 A: 00
1556595109354.43896 2.8396 B: 00
1556595109367.63623 13.1973 A: 00
1556595109370.47827 2.8420 B: 00
1556595109384.07666 13.5984 A: 00
1556595109386.80542 2.7288 B: 00
1556595109400.59937 13.7939 A: 04
1556595109403.29907 2.6997 B: 04
1556595109416.59521 13.2961 A: 00
1556595109419.40088 2.8057 B: 00
1556595109423.94629 4.5454 B: 4d
1556595109426.62158 2.6753 B: 55
1556595109428.44287 1.8213 B: 42
1556595109430.15503 1.7122 B: 48
1556595109432.18872 2.0337 B: 41
1556595109434.23706 2.0483 B: 47
1556595109436.38721 2.1501 B: 32
1556595109438.41992 2.0327 B: 43
1556595109440.58643 2.1665 B: 4e
1556595109442.61401 2.0276 B: 35
1556595109444.69092 2.0769 B: 20
1556595109446.87183 2.1809 B: 20
1556595109449.16895 2.2971 B: 20
1556595109450.87476 1.7058 B: 20
1556595109452.89819 2.0234 B: 20
1556595109455.00757 2.1094 B: 20
1556595109457.04419 2.0366 B: 20
1556595109459.13696 2.0928 B: 20
1556595109461.10693 1.9700 B: 20
1556595109463.21069 2.1038 B: 20
1556595109465.28027 2.0696 B: 59
1556595109578.34155 113.0613 A: 00
1556595109581.15698 2.8154 B: 00
1556595109594.56177 13.4048 A: 25
1556595109597.33594 2.7742 B: 25
1556595109610.48950 13.1536 A: 0d
1556595109613.57886 3.0894 B: 0d
1556595109626.81372 13.2349 A: 00
1556595109629.66895 2.8552 B: 00
1556595109643.22363 13.5547 A: 00
1556595109645.98096 2.7573 B: 00
1556595109659.23120 13.2502 A: 00
1556595109661.97754 2.7463 B: 00
1556595109675.45605 13.4785 A: 04
1556595109678.54053 3.0845 B: 04
1556595109691.78418 13.2437 A: 00
1556595109694.60205 2.8179 B: 00
1556595109699.45923 4.8572 B: 06
1556595120862.00366 11162.5444 A: aa
1556595120864.62964 2.6260 B: aa
1556595121112.12158 247.4919 A: aa
1556595121114.42041 2.2988 B: aa
1556595121118.86353 4.4431 B: 36
1556595121661.64014 542.7766 A: 00
1556595121664.44238 2.8022 B: 00
1556595121677.71240 13.2700 A: 24
1556595121680.57178 2.8594 B: 24
1556595121693.83594 13.2642 A: 0d
1556595121696.58838 2.7524 B: 0d
1556595121709.76733 13.1790 A: 00
1556595121712.62183 2.8545 B: 00
1556595121725.81104 13.1892 A: 00
1556595121728.56372 2.7527 B: 00
1556595121742.09839 13.5347 A: 00
1556595121744.95703 2.8586 B: 00
1556595121758.25342 13.2964 A: 04
1556595121761.11963 2.8662 B: 04
1556595121774.35522 13.2356 A: 00
1556595121776.67236 2.3171 B: 00
1556595121781.42944 4.7571 B: 06
1556595122210.99194 429.5625 A: 46
1556595122213.81763 2.8257 B: 46
1556595122227.14648 13.3289 A: 01
1556595122229.98315 2.8367 B: 01
1556595122243.55103 13.5679 A: 0d
1556595122246.55347 3.0024 B: 0d
1556595122259.91016 13.3567 A: 00
1556595122262.73584 2.8257 B: 00
1556595122276.01001 13.2742 A: 00
1556595122278.84570 2.8357 B: 00
1556595122292.39380 13.5481 A: 00
1556595122295.17578 2.7820 B: 00
1556595122308.68652 13.5107 A: 04
1556595122311.46167 2.7751 B: 04
1556595122324.76636 13.3047 A: 00
1556595122327.62549 2.8591 B: 00
1556595122332.39673 4.7712 B: 45
1556595122334.48438 2.0876 B: 4d
1556595122336.61279 2.1284 B: 36
1556595122338.46899 1.8562 B: 46
1556595122340.59155 2.1226 B: 34
1556595122342.65430 2.0627 B: 35
1556595122344.72705 2.0728 B: 41
1556595122346.81079 2.0837 B: 45
1556595122348.78442 1.9736 B: 43
1556595122351.06567 2.2812 B: 44
1556595122352.98364 1.9180 B: 34
1556595122355.14453 2.1609 B: 20
1556595122357.37842 2.2339 B: 52
1556595122359.49121 2.1128 B: 30
1556595122361.23682 1.7456 B: 34
1556595122363.55835 2.3215 B: 30
1556595122365.56055 2.0022 B: 32
1556595122367.66211 2.1016 B: 4d
1556595122369.72974 2.0676 B: 55
1556595122371.73071 2.0010 B: 42
1556595122373.83862 2.1079 B: 48
1556595122376.15503 2.3164 B: 41
1556595122378.05469 1.8997 B: 47
1556595122380.37793 2.3232 B: 32
1556595122382.54297 2.1650 B: 43
1556595122384.48291 1.9399 B: 4e
1556595122386.57642 2.0935 B: 35
1556595122388.49292 1.9165 B: 20
1556595122390.59009 2.0972 B: 20
1556595122392.63403 2.0439 B: 20
1556595122394.70166 2.0676 B: 20
1556595122396.78027 2.0786 B: 20
1556595122399.06616 2.2859 B: 20
1556595122401.23047 2.1643 B: 20
1556595122403.26489 2.0344 B: 20
1556595122405.23364 1.9688 B: 20
1556595122407.19067 1.9570 B: 20
1556595122409.11841 1.9277 B: 59
1556595122486.15137 77.0330 A: 34
1556595122488.71265 2.5613 B: 34
1556595122501.78198 13.0693 A: 38
1556595122504.38086 2.5989 B: 38
1556595122517.37720 12.9963 A: 46
1556595122520.09839 2.7212 B: 46
1556595122533.20508 13.1067 A: 58
1556595122535.56787 2.3628 B: 58
1556595122548.55396 12.9861 A: 30
1556595122551.10645 2.5525 B: 30
1556595122563.94849 12.8420 A: 54
1556595122566.34570 2.3972 B: 54
1556595122579.38232 13.0366 A: 54
1556595122582.03271 2.6504 B: 54
1556595122595.45557 13.4229 A: 36
1556595122598.25513 2.7996 B: 36
1556595122611.62427 13.3691 A: 55
1556595122614.39111 2.7668 B: 55
1556595122627.87817 13.4871 A: 56
1556595122630.71460 2.8364 B: 56
1556595122635.32861 4.6140 B: 05
1556595122760.65112 125.3225 A: 00
1556595122763.55347 2.9023 B: 00
1556595122776.50732 12.9539 A: 25
1556595122778.78809 2.2808 B: 25
1556595122791.96582 13.1777 A: 0d
1556595122794.38354 2.4177 B: 0d
1556595122807.36548 12.9819 A: 00
1556595122809.72754 2.3621 B: 00
1556595122822.83618 13.1086 A: 00
1556595122825.36694 2.5308 B: 00
1556595122838.60254 13.2356 A: 00
1556595122841.64917 3.0466 B: 00
1556595122854.90430 13.2551 A: 04
1556595122857.66016 2.7559 B: 04
1556595122870.89868 13.2385 A: 00
1556595122873.64307 2.7444 B: 00
1556595122878.48120 4.8381 B: 06
1556595126845.10474 3966.6235 A: aa
1556595126847.73584 2.6311 B: aa
1556595127099.53076 251.7949 A: aa
1556595127102.64893 3.1182 B: aa
1556595127106.81958 4.1707 B: 36
1556595127373.60864 266.7891 A: 00
1556595127375.94824 2.3396 B: 00
1556595127388.63110 12.6829 A: 24
1556595127390.93164 2.3005 B: 24
1556595127403.69043 12.7588 A: 0d
1556595127405.95239 2.2620 B: 0d
1556595127418.68311 12.7307 A: 00
1556595127420.96509 2.2820 B: 00
1556595127433.94092 12.9758 A: 00
1556595127436.30469 2.3638 B: 00
1556595127449.17065 12.8660 A: 00
1556595127451.72363 2.5530 B: 00
1556595127464.68872 12.9651 A: 04
1556595127467.18408 2.4954 B: 04
1556595127479.97534 12.7913 A: 00
1556595127482.60864 2.6333 B: 00
1556595127487.15918 4.5505 B: 06
1556595127923.19287 436.0337 A: 03
1556595127925.98926 2.7964 B: 03
1556595127939.27905 13.2898 A: 01
1556595127942.01294 2.7339 B: 01
1556595127955.74829 13.7354 A: 0d
1556595127958.48706 2.7388 B: 0d
1556595127971.72046 13.2334 A: 00
1556595127974.43945 2.7190 B: 00
1556595127987.71631 13.2769 A: 00
1556595127990.42334 2.7070 B: 00
1556595128003.60376 13.1804 A: 00
1556595128006.26782 2.6641 B: 00
1556595128019.63208 13.3643 A: 04
1556595128022.41211 2.7800 B: 04
1556595128036.16089 13.7488 A: 00
1556595128038.76172 2.6008 B: 00
1556595128043.32251 4.5608 B: 4d
1556595128045.34082 2.0183 B: 55
1556595128047.58862 2.2478 B: 42
1556595128049.63574 2.0471 B: 48
1556595128051.62500 1.9893 B: 41
1556595128053.76953 2.1445 B: 47
1556595128055.77588 2.0063 B: 32
1556595128057.85010 2.0742 B: 43
1556595128059.99194 2.1418 B: 4e
1556595128062.33057 2.3386 B: 35
1556595128064.10791 1.7773 B: 20
1556595128066.56177 2.4539 B: 20
1556595128068.54517 1.9834 B: 20
1556595128070.48706 1.9419 B: 20
1556595128072.32886 1.8418 B: 20
1556595128074.50977 2.1809 B: 20
1556595128076.70361 2.1938 B: 20
1556595128078.72510 2.0215 B: 20
1556595128080.75464 2.0295 B: 20
1556595128082.97021 2.2156 B: 20
1556595128085.21094 2.2407 B: 59
1556595128197.99561 112.7847 A: 00
1556595128201.14673 3.1511 B: 00
1556595128214.48291 13.3362 A: 25
1556595128217.17236 2.6895 B: 25
1556595128230.34424 13.1719 A: 0d
1556595128233.32202 2.9778 B: 0d
1556595128246.60718 13.2852 A: 00
1556595128249.60596 2.9988 B: 00
1556595128262.92065 13.3147 A: 00
1556595128265.65771 2.7371 B: 00
1556595128278.94165 13.2839 A: 00
1556595128281.72217 2.7805 B: 00
1556595128295.23364 13.5115 A: 04
1556595128298.04199 2.8083 B: 04
1556595128311.37939 13.3374 A: 00
1556595128314.06958 2.6902 B: 00
1556595128318.62036 4.5508 B: 06
1556595140703.79199 12385.1716 A: aa
1556595140706.58984 2.7979 B: aa
1556595140940.48926 233.8994 A: aa
1556595140943.65405 3.1648 B: aa
1556595140947.76831 4.1143 B: 36
1556595141490.40332 542.6350 A: 00
1556595141493.56958 3.1663 B: 00
1556595141506.47852 12.9089 A: 24
1556595141509.12988 2.6514 B: 24
1556595141522.12695 12.9971 A: 0d
1556595141524.66504 2.5381 B: 0d
1556595141537.69775 13.0327 A: 00
1556595141540.05908 2.3613 B: 00
1556595141553.35132 13.2922 A: 00
1556595141555.65942 2.3081 B: 00
1556595141568.86646 13.2070 A: 00
1556595141571.38843 2.5220 B: 00
1556595141584.50342 13.1150 A: 04
1556595141587.48120 2.9778 B: 04
1556595141600.61182 13.1306 A: 00
1556595141603.58325 2.9714 B: 00
1556595141607.81348 4.2302 B: 06
1556595142038.80078 430.9873 A: 46
1556595142041.46509 2.6643 B: 46
1556595142054.61353 13.1484 A: 01
1556595142057.40356 2.7900 B: 01
1556595142070.74219 13.3386 A: 0d
1556595142073.41406 2.6719 B: 0d
1556595142086.65991 13.2458 A: 00
1556595142089.65332 2.9934 B: 00
1556595142102.82349 13.1702 A: 00
1556595142105.51538 2.6919 B: 00
1556595142118.69849 13.1831 A: 00
1556595142121.52905 2.8306 B: 00
1556595142135.10474 13.5757 A: 04
1556595142138.19849 3.0938 B: 04
1556595142151.57324 13.3748 A: 00
1556595142154.55078 2.9775 B: 00
1556595142158.91089 4.3601 B: 45
1556595142161.22461 2.3137 B: 4d
1556595142163.01562 1.7910 B: 36
1556595142165.14795 2.1323 B: 46
1556595142167.44775 2.2998 B: 34
1556595142169.53809 2.0903 B: 35
1556595142171.53320 1.9951 B: 41
1556595142173.44409 1.9109 B: 45
1556595142175.43018 1.9861 B: 43
1556595142177.61890 2.1887 B: 44
1556595142179.68823 2.0693 B: 34
1556595142181.75952 2.0713 B: 20
1556595142184.11646 2.3569 B: 52
1556595142186.20923 2.0928 B: 30
1556595142188.17285 1.9636 B: 34
1556595142190.14355 1.9707 B: 30
1556595142192.10352 1.9600 B: 32
1556595142194.50195 2.3984 B: 4d
1556595142196.49536 1.9934 B: 55
1556595142198.58325 2.0879 B: 42
1556595142200.58813 2.0049 B: 48
1556595142202.66406 2.0759 B: 41
1556595142204.75049 2.0864 B: 47
1556595142206.64600 1.8955 B: 32
1556595142208.77271 2.1267 B: 43
1556595142210.94019 2.1675 B: 4e
1556595142212.94995 2.0098 B: 35
1556595142215.15210 2.2021 B: 20
1556595142217.45898 2.3069 B: 20
1556595142219.36865 1.9097 B: 20
1556595142221.46265 2.0940 B: 20
1556595142223.22705 1.7644 B: 20
1556595142225.45679 2.2297 B: 20
1556595142227.52319 2.0664 B: 20
1556595142229.65039 2.1272 B: 20
1556595142231.64453 1.9941 B: 20
1556595142234.13354 2.4890 B: 20
1556595142236.12158 1.9880 B: 59
1556595142313.93506 77.8135 A: 34
1556595142316.62378 2.6887 B: 34
1556595142329.66235 13.0386 A: 38
1556595142332.48633 2.8240 B: 38
1556595142345.61450 13.1282 A: 46
1556595142348.19971 2.5852 B: 46
1556595142361.26709 13.0674 A: 58
1556595142363.87891 2.6118 B: 58
1556595142376.87085 12.9919 A: 47
1556595142379.55322 2.6824 B: 47
1556595142392.54834 12.9951 A: 4f
1556595142395.34521 2.7969 B: 4f
1556595142408.33960 12.9944 A: 54
1556595142411.31030 2.9707 B: 54
1556595142424.36328 13.0530 A: 39
1556595142427.00391 2.6406 B: 39
1556595142440.07910 13.0752 A: 49
1556595142442.95776 2.8787 B: 49
1556595142456.12964 13.1719 A: 36
1556595142459.01074 2.8811 B: 36
1556595142464.80029 5.7896 B: 04
1556595142588.17896 123.3787 A: 00
1556595142590.78979 2.6108 B: 00
1556595142603.94531 13.1555 A: 25
1556595142606.55591 2.6106 B: 25
1556595142619.72681 13.1709 A: 0d
1556595142622.38184 2.6550 B: 0d
1556595142635.59424 13.2124 A: 00
1556595142638.25610 2.6619 B: 00
1556595142651.47632 13.2202 A: 00
1556595142654.10547 2.6292 B: 00
1556595142667.44141 13.3359 A: 00
1556595142670.34277 2.9014 B: 00
1556595142683.48608 13.1433 A: 04
1556595142686.38989 2.9038 B: 04
1556595142699.53662 13.1467 A: 00
1556595142702.18774 2.6511 B: 00
1556595142706.59790 4.4102 B: 06
