1556594967127.93359 1556594967127.9336 A: aa
1556594967130.76489 2.8313 B: aa
1556594967376.47119 245.7063 A: aa
1556594967379.16016 2.6890 B: aa
1556594967384.12427 4.9641 B: 36
1556594967651.18115 267.0569 A: 00
1556594967654.16309 2.9819 B: 00
1556594967667.44189 13.2788 A: 24
1556594967670.34082 2.8989 B: 24
1556594967683.68091 13.3401 A: 0d
1556594967686.39136 2.7104 B: 0d
1556594967699.56567 13.1743 A: 00
1556594967702.08154 2.5159 B: 00
1556594967715.01172 12.9302 A: 00
1556594967717.50293 2.4912 B: 00
1556594967730.28027 12.7773 A: 00
1556594967732.80078 2.5205 B: 00
1556594967745.93726 13.1365 A: 04
1556594967748.37109 2.4338 B: 04
1556594967761.20508 12.8340 A: 00
1556594967763.43213 2.2271 B: 00
1556594967767.99829 4.5662 B: 06
1556594968200.33008 432.3318 A: 03
1556594968203.16064 2.8306 B: 03
1556594968216.38354 13.2229 A: 01
1556594968219.20605 2.8225 B: 01
1556594968232.46021 13.2542 A: 0d
1556594968235.32202 2.8618 B: 0d
1556594968248.44287 13.1208 A: 00
1556594968250.96558 2.5227 B: 00
1556594968263.79761 12.8320 A: 00
1556594968266.19727 2.3997 B: 00
1556594968278.97437 12.7771 A: 00
1556594968281.30249 2.3281 B: 00
1556594968294.04858 12.7461 A: 04
1556594968296.32373 2.2751 B: 04
1556594968309.08105 12.7573 A: 00
1556594968311.37744 2.2964 B: 00
1556594968315.94409 4.5667 B: 4d
1556594968317.98145 2.0374 B: 55
1556594968320.05835 2.0769 B: 42
1556594968322.10254 2.0442 B: 48
1556594968324.23047 2.1279 B: 41
1556594968326.32227 2.0918 B: 47
1556594968328.49316 2.1709 B: 32
1556594968330.40210 1.9089 B: 43
1556594968332.74658 2.3445 B: 4e
1556594968334.67944 1.9329 B: 35
1556594968336.77612 2.0967 B: 20
1556594968338.81714 2.0410 B: 20
1556594968340.87720 2.0601 B: 20
1556594968342.96582 2.0886 B: 20
1556594968345.07300 2.1072 B: 20
1556594968347.08252 2.0095 B: 20
1556594968349.32983 2.2473 B: 20
1556594968351.36499 2.0352 B: 20
1556594968353.60767 2.2427 B: 20
1556594968355.54199 1.9343 B: 20
1556594968357.52002 1.9780 B: 59
1556594968474.93555 117.4155 A: 00
1556594968477.28857 2.3530 B: 00
1556594968489.92358 12.6350 A: 25
1556594968492.19531 2.2717 B: 25
1556594968504.89478 12.6995 A: 0d
1556594968507.14526 2.2505 B: 0d
1556594968519.98999 12.8447 A: 00
1556594968522.46851 2.4785 B: 00
1556594968535.24194 12.7734 A: 00
1556594968537.52759 2.2856 B: 00
1556594968550.42944 12.9019 A: 00
1556594968552.79956 2.3701 B: 00
1556594968565.71460 12.9150 A: 04
1556594968568.11157 2.3970 B: 04
1556594968580.92480 12.8132 A: 00
1556594968583.31812 2.3933 B: 00
1556594968587.76392 4.4458 B: 06
1556595020937.40869 52349.6448 A: aa
1556595020939.69800 2.2893 B: aa
1556595021202.95215 263.2542 A: aa
1556595021205.23218 2.2800 B: aa
1556595021209.80054 4.5684 B: 36
1556595021752.23291 542.4324 A: 00
1556595021754.46973 2.2368 B: 00
1556595021767.16797 12.6982 A: 24
1556595021769.40039 2.2324 B: 24
1556595021782.05884 12.6584 A: 0d
1556595021784.32617 2.2673 B: 0d
1556595021797.07617 12.7500 A: 00
1556595021799.32056 2.2444 B: 00
1556595021812.02563 12.7051 A: 00
1556595021814.22388 2.1982 B: 00
1556595021826.89746 12.6736 A: 00
1556595021829.11719 2.2197 B: 00
1556595021841.78613 12.6689 A: 04
1556595021843.99463 2.2085 B: 04
1556595021856.73218 12.7375 A: 00
1556595021858.96851 2.2363 B: 00
1556595021863.36279 4.3943 B: 06
1556595022301.49780 438.1350 A: 46
1556595022303.77368 2.2759 B: 46
1556595022316.45117 12.6775 A: 01
1556595022318.73071 2.2795 B: 01
1556595022331.36646 12.6357 A: 0d
1556595022333.62036 2.2539 B: 0d
1556595022346.36108 12.7407 A: 00
1556595022348.66235 2.3013 B: 00
1556595022361.36011 12.6978 A: 00
1556595022363.59448 2.2344 B: 00
1556595022376.27197 12.6775 A: 00
1556595022378.51978 2.2478 B: 00
1556595022391.25513 12.7354 A: 04
1556595022393.50317 2.2480 B: 04
1556595022406.29590 12.7927 A: 00
1556595022408.54565 2.2498 B: 00
1556595022413.24219 4.6965 B: 45
1556595022415.27344 2.0312 B: 4d
1556595022417.36719 2.0938 B: 36
1556595022419.42407 2.0569 B: 46
1556595022421.51514 2.0911 B: 34
1556595022423.64697 2.1318 B: 35
1556595022425.67847 2.0315 B: 41
1556595022427.75781 2.0793 B: 45
1556595022429.84082 2.0830 B: 43
1556595022431.90796 2.0671 B: 44
1556595022433.96753 2.0596 B: 34
1556595022436.09888 2.1313 B: 20
1556595022438.15430 2.0554 B: 52
1556595022440.22900 2.0747 B: 30
1556595022442.27612 2.0471 B: 34
1556595022444.34985 2.0737 B: 30
1556595022446.47290 2.1230 B: 32
1556595022448.55054 2
1556595022450.71655 2.1660 B: 55
1556595022452.76660 2.0500 B: 42
1556595022454.86987 2.1033 B: 48
1556595022456.95508 2.0852 B: 41
1
1556595022461.05957 2.0833 B: 32

1556595022465.34692 2.1104 B: 4e
1556595022467.39160 2.0447 B: 35
1556595022469.43750 2.0459 B: 20

1556595022473.60889 2.0940 B: 20
1556595022475.68750 2.0786 B: 20
1556595022477.80566 2.1182 B: 20
1556595022479.87378 2.0681 B: 20
1556595022481.93091 2.0571 B: 20
1556595022484.05542 2.1245 B: 20
1556595022486.11572 2.0603 B: 20
1556595022488.21509 2.0994 B: 20
1556595022490.24634 2.0312 B: 59
1556
1556595022578.85376 2.2495 B: 34
1556595022591.58545 12.7317 A: 38
1556595022593.82568 2.2402 B: 38

1556595022608.85229 2.3000 B: 46
1556595022621.56567 12.7134 A: 58
1556595022623.80518 2.2395 B: 58
1556595022636.52344 12.7183 A: 47
1556595022638.86694 2.3435 B: 47
1556595022651.60522 12.7383 A: 47
1556595022653.93457 2.3293 B: 47
1556595022666.66919 12.7346 A: 48
1556595022668.98730 2.3181 B: 48
1556595022681.61914 12.6318 A: 39
1556595022683.81909 2.2000 B: 39
1556595022696.48169 12.6626 A: 42
1556595022698.68921 2.2075 B: 42
1556595022711.38110 12.6919 A: 36
1556595022713.61963 2.2385 B: 36
1556595022718.02734 4.4077 B: 06
1556595022850.69653 132.6692 A: 00
1556595022852.95215 2.2556 B: 00
1556595022865.72998 12.7778 A: 25
1556595022868.06860 2.3386 B: 25
1556595022880.83813 12.7695 A: 0d
1556595022883.08154 2.2434 B: 0d
1556595022895.81079 12.7292 A: 00
1556595022898.06982 2.2590 B: 00
1556595022910.86328 12.7935 A: 00
1556595022913.15454 2.2913 B: 00
1556595022925.91992 12.7654 A: 00
1556595022928.24756 2.3276 B: 00
1556595022940.97363 12.7261 A: 04
1556595022943.22900 2.2554 B: 04
1556595022955.87183 12.6428 A: 00
1556595022958.09521 2.2234 B: 00
1556595022962.58423 4.4890 B: 06

