1556572977715.11646 179.9875 A: 36
1556572977715.88867 0.7722 A: 42
1556572977716.89014 1.0015 A: 47
1556572977716.89014 1.0015 B: 36
1556572977718.12158 1.2314 A: 34
1556572977718.12158 1.2314 B: 42
1556572977719.31445 1.1929 A: 51
1556572977719.31445 1.1929 B: 47
1556572977720.55566 1.2412 A: 20
1556572977720.55566 1.2412 B: 34
1556572977721.64697 1.0913 A: 54
1556572977721.64697 1.0913 B: 51
1556572977722.84692 1.2000 A: 47
1556572977722.84692 1.2000 B: 20
1556572977724.03589 1.1890 A: 31
1556572977724.03589 1.1890 B: 54
1556572977725.17603 1.1401 A: 32
1556572977725.17603 1.1401 B: 47
1556572977726.35156 1.1755 B: 31
1556572977726.92358 0.5720 B: 32
1556572977729.38525 2.4617 B: c1
